1.000000000 0.000000000 -0.000000000 -0.000000007 0.000000000 0.999999940 -0.000000000 -0.000000060 -0.000000000 -0.000000000 1.000000000 0.000000000
0.999991238 -0.002499045 -0.003363667 -0.002824729 0.002491718 0.999994457 -0.002180531 -0.005470210 0.003369097 0.002172129 0.999991953 0.666731536
0.999970376 -0.001220001 -0.007598198 -0.012511436 0.001192676 0.999992728 -0.003599710 -0.010223269 0.007602535 0.003590540 0.999964654 1.358757734
0.999939501 -0.000920928 -0.010962039 -0.036370292 0.000864884 0.999986470 -0.005116147 -0.013000935 0.010966604 0.005106356 0.999926805 2.060599804
0.999870718 -0.000155819 -0.016075399 -0.048128691 0.000062128 0.999982953 -0.005828599 -0.012068877 0.016076034 0.005826848 0.999853790 2.795905590
0.999790311 -0.001052856 -0.020449558 -0.067312583 0.000926324 0.999980450 -0.006195968 -0.018601067 0.020455686 0.006175727 0.999771714 3.539771080
0.999687314 0.000681918 -0.024997065 -0.093815446 -0.000871760 0.999970734 -0.007584484 -0.022333745 0.024991171 0.007603904 0.999658704 4.294981956
0.999556363 0.003312923 -0.029596897 -0.131209731 -0.003560457 0.999959052 -0.008314712 -0.034345828 0.029568141 0.008416402 0.999527335 5.061129570
0.999418378 0.003965278 -0.033870488 -0.163142130 -0.004193369 0.999969006 -0.006665857 -0.042266827 0.033843003 0.006804010 0.999404073 5.844127655
0.999266624 0.002764154 -0.038189426 -0.199812278 -0.002915477 0.999988019 -0.003907309 -0.050756872 0.038178161 0.004015785 0.999262869 6.647450924
0.999136329 0.002611222 -0.041469108 -0.238391668 -0.002663776 0.999995589 -0.001212107 -0.060197599 0.041465767 0.001321525 0.999139071 7.456531048
0.999022424 0.003960606 -0.044026274 -0.284172088 -0.004052321 0.999989748 -0.001994150 -0.067978390 0.044017933 0.002170610 0.999028385 8.272540092
0.998930871 0.004189990 -0.046039268 -0.338486671 -0.004302956 0.999987900 -0.002354868 -0.077560149 0.046028841 0.002550455 0.998936892 9.087642670
0.998863161 0.001293432 -0.047653481 -0.380572140 -0.001425100 0.999995232 -0.002729164 -0.084851034 0.047649723 0.002793972 0.998860240 9.922909737
0.998759747 0.000985900 -0.049780678 -0.422269046 -0.001083013 0.999997497 -0.001923871 -0.093011186 0.049778663 0.001975398 0.998758376 10.765796661
0.998666584 -0.000785379 -0.051620293 -0.461930573 0.000667626 0.999997199 -0.002298355 -0.100864045 0.051621959 0.002260827 0.998664141 11.614287376
0.998578548 0.001594211 -0.053276379 -0.516028225 -0.001825353 0.999989092 -0.004290164 -0.113547713 0.053268954 0.004381313 0.998570621 12.468654633
0.998518527 0.001963307 -0.054377764 -0.573593199 -0.002364008 0.999970496 -0.007305496 -0.119161755 0.054361816 0.007423223 0.998493671 13.340083122
0.998383224 0.006131023 -0.056510203 -0.623840690 -0.006637238 0.999939382 -0.008774604 -0.136400133 0.056452982 0.009135489 0.998363376 14.224407196
0.998314023 0.006906541 -0.057631992 -0.678284645 -0.007402489 0.999937296 -0.008396402 -0.149353668 0.057570390 0.008808865 0.998302460 15.113333702
0.998237073 0.006079958 -0.059040718 -0.733623028 -0.006500185 0.999954820 -0.006928147 -0.164091989 0.058995936 0.007299711 0.998231530 16.008470535
0.998171985 0.007075991 -0.060021225 -0.799642563 -0.007403024 0.999958932 -0.005228007 -0.178937405 0.059981767 0.005662790 0.998183429 16.915119171
0.998124003 0.006625629 -0.060864881 -0.859112442 -0.006936249 0.999963939 -0.004893592 -0.195037216 0.060830265 0.005306585 0.998134077 17.822734833
0.998014867 0.006624594 -0.062628649 -0.919423401 -0.007017993 0.999956965 -0.006063577 -0.204524323 0.062585786 0.006491067 0.998018503 18.732898712
0.997963667 0.005334109 -0.063560985 -0.982875586 -0.005767342 0.999961257 -0.006634497 -0.218559504 0.063523136 0.006987565 0.997955918 19.651544571
0.997928679 0.005214974 -0.064118110 -1.041310191 -0.005549881 0.999971807 -0.005046278 -0.229390025 0.064089999 0.005391673 0.997929513 20.570419312
0.997914135 0.006964051 -0.064177811 -1.104102850 -0.007076916 0.999973714 -0.001531465 -0.243601784 0.064165451 0.001982451 0.997937262 21.483848572
0.997971773 0.007060616 -0.063265465 -1.169116259 -0.006940529 0.999973774 0.002117689 -0.251621246 0.063278757 -0.001674298 0.997994483 22.422311783
0.998063266 0.005946373 -0.061921768 -1.222650528 -0.005641812 0.999971092 0.005092165 -0.260476828 0.061950270 -0.004732952 0.998068035 23.352132797
0.998158932 0.006601641 -0.060293116 -1.285459757 -0.006268832 0.999964058 0.005707342 -0.262900054 0.060328644 -0.005318868 0.998164356 24.294879913
0.998257339 0.006593202 -0.058641817 -1.343600035 -0.006414713 0.999974191 0.003231447 -0.277210057 0.058661610 -0.002849646 0.998273849 25.242107391
0.998301566 0.007255893 -0.057804320 -1.401386023 -0.007344624 0.999972165 -0.001322720 -0.287649393 0.057793107 0.001745024 0.998327017 26.185741425
0.998378277 0.006445641 -0.056560874 -1.458578587 -0.006710579 0.999967396 -0.004495442 -0.293913901 0.056530047 0.004867707 0.998389065 27.139156342
0.998430729 0.004187199 -0.055844255 -1.513428569 -0.004382337 0.999984622 -0.003372325 -0.305112958 0.055829272 0.003611761 0.998433828 28.103303909
0.998433590 0.002648281 -0.055887211 -1.572070003 -0.002589884 0.999995947 0.001117328 -0.312330782 0.055889945 -0.000970837 0.998436511 29.078126907
0.998391151 -0.001169532 -0.056692485 -1.623604774 0.001449528 0.999986887 0.004897980 -0.325081885 0.056686029 -0.004972276 0.998379588 30.053413391
0.998279214 -0.008559695 -0.058013197 -1.670470715 0.008828769 0.999951363 0.004383465 -0.331743956 0.057972860 -0.004888107 0.998306155 31.030324936
0.998184264 -0.010706679 -0.059273206 -1.726056099 0.010750692 0.999942124 0.000423625 -0.338841736 0.059265241 -0.001060084 0.998241723 32.000957489
0.998105884 -0.010300465 -0.060650017 -1.789042473 0.010099544 0.999942541 -0.003618456 -0.345312983 0.060683802 0.002999065 0.998152494 32.973911285
0.997985840 -0.009006349 -0.062793367 -1.854298830 0.008759839 0.999952734 -0.004199889 -0.360531330 0.062828228 0.003641370 0.998017669 33.962627411
0.997919202 -0.009478234 -0.063775219 -1.912744522 0.009325694 0.999952793 -0.002689074 -0.374130309 0.063797705 0.002088730 0.997960687 34.951614380
0.997885525 -0.005924165 -0.064726390 -1.991472840 0.005940755 0.999982357 0.000063847 -0.387559623 0.064724892 -0.000448236 0.997902989 35.956947327
0.997804105 -0.005572058 -0.066000648 -2.052340746 0.005690109 0.999982476 0.001600806 -0.403953522 0.065990590 -0.001972842 0.997818291 36.936916351
0.997734070 -0.004903131 -0.067101210 -2.125785828 0.005177931 0.999978840 0.003921996 -0.406428218 0.067080580 -0.004260555 0.997738481 37.946693420
0.997755826 -0.004167028 -0.066827655 -2.187268019 0.004668278 0.999962151 0.007346233 -0.424671829 0.066794515 -0.007641718 0.997737408 38.926162720
0.997751355 0.001237512 -0.067011908 -2.275904894 -0.000618703 0.999956965 0.009254267 -0.420357198 0.067020498 -0.009191998 0.997709274 39.922870636
0.997756958 0.001573254 -0.066921309 -2.348153114 -0.000987422 0.999960899 0.008786211 -0.428128004 0.066932522 -0.008700423 0.997719586 40.913448334
0.997729838 0.001228415 -0.067332149 -2.408321857 -0.000775911 0.999976933 0.006746206 -0.425285637 0.067338891 -0.006678647 0.997707784 41.903545380
0.997725129 0.003341238 -0.067330793 -2.485020638 -0.003029221 0.999984145 0.004735650 -0.436047703 0.067345552 -0.004520917 0.997719407 42.903572083
0.997636199 0.003017801 -0.068650857 -2.549069643 -0.002702315 0.999985337 0.004687909 -0.442526758 0.068663985 -0.004491312 0.997629702 43.901599884
0.997579098 0.001343641 -0.069527499 -2.625775576 -0.000925723 0.999981225 0.006042710 -0.451936156 0.069534317 -0.005963719 0.997561753 44.889205933
0.997527957 0.001340145 -0.070257336 -2.697191238 -0.000833996 0.999973416 0.007233048 -0.458905756 0.070265174 -0.007156574 0.997502625 45.876407623
0.997497559 0.003797052 -0.070597693 -2.769188166 -0.003542033 0.999986649 0.003737116 -0.471248776 0.070610963 -0.003477705 0.997497857 46.850193024
0.997439921 0.004290135 -0.071379907 -2.849999905 -0.004331494 0.999990463 -0.000424650 -0.480511725 0.071377404 0.000732744 0.997449160 47.815391541
0.997394323 0.004889083 -0.071976669 -2.919952393 -0.005029139 0.999985754 -0.001764767 -0.484708905 0.071967013 0.002122150 0.997404754 48.783775330
0.997394204 0.003652920 -0.072052009 -2.992380619 -0.003514020 0.999991715 0.002054424 -0.499635667 0.072058924 -0.001795878 0.997398794 49.765373230
0.997417033 0.001618199 -0.071808964 -3.068351269 -0.001245725 0.999985456 0.005231485 -0.511295557 0.071816385 -0.005128520 0.997404754 50.735652924
0.997372210 -0.000288464 -0.072447173 -3.132100582 0.000698328 0.999983847 0.005632155 -0.516827166 0.072444394 -0.005667948 0.997356355 51.692119598
0.997345805 -0.003556318 -0.072722420 -3.202781439 0.003888234 0.999982655 0.004423085 -0.525495052 0.072705448 -0.004694108 0.997342408 52.648845673
0.997308135 -0.006630800 -0.073023327 -3.270849466 0.006896264 0.999970436 0.003383808 -0.538502693 0.072998732 -0.003878288 0.997324526 53.606254578
0.997232318 -0.008099217 -0.073905341 -3.343323231 0.008456027 0.999953985 0.004516324 -0.547825217 0.073865376 -0.005128771 0.997255027 54.558044434
0.997114956 -0.011316575 -0.075058036 -3.413607597 0.011992835 0.999891341 0.008565228 -0.552156627 0.074952938 -0.009440677 0.997142434 55.513015747
0.997042477 -0.011877816 -0.075928085 -3.479267120 0.012942973 0.999824345 0.013551822 -0.556981325 0.075753786 -0.014494478 0.997021139 56.462413788
0.997058213 -0.009974347 -0.075995497 -3.564247131 0.011192620 0.999815285 0.015621852 -0.556219697 0.075825647 -0.016426487 0.996985793 57.407722473
0.996958196 -0.008716443 -0.077449411 -3.641099215 0.009631897 0.999888003 0.011454351 -0.557810903 0.077340901 -0.012165492 0.996930420 58.340602875
0.996834159 -0.007490685 -0.079154953 -3.711881161 0.007833743 0.999961197 0.004024366 -0.566302419 0.079121724 -0.004631706 0.996854186 59.273300171
0.996802509 -0.005359884 -0.079724945 -3.797039747 0.005280937 0.999985337 -0.001201060 -0.569881320 0.079730213 0.000776196 0.996816218 60.187484741
0.996741712 -0.000404131 -0.080658913 -3.879783630 0.000383628 0.999999881 -0.000269680 -0.581927836 0.080659002 0.000237858 0.996741772 61.086040497
0.996622086 0.001666765 -0.082108043 -3.955525875 -0.001475271 0.999996006 0.002392839 -0.598718762 0.082111709 -0.002263625 0.996620595 61.991664886
0.996526003 0.004311001 -0.083169244 -4.034009933 -0.003994702 0.999984086 0.003969108 -0.611068726 0.083185032 -0.003623083 0.996527493 62.878082275
0.996432841 0.005097404 -0.084234670 -4.112728596 -0.004775215 0.999980509 0.004025928 -0.625243664 0.084253550 -0.003609329 0.996437788 63.749404907
0.996307373 0.006712122 -0.085595131 -4.196503162 -0.006336062 0.999968946 0.004664388 -0.632891655 0.085623793 -0.004104828 0.996319056 64.607292175
0.996184647 0.007778768 -0.086923212 -4.274691582 -0.007346876 0.999959052 0.005287473 -0.644201279 0.086960793 -0.004628686 0.996200979 65.450859070
0.996054471 0.007583376 -0.088419467 -4.350594997 -0.007104558 0.999958277 0.005728754 -0.653551579 0.088459238 -0.005077972 0.996066809 66.276939392
0.995955110 0.007083871 -0.089571796 -4.422079563 -0.006488668 0.999954879 0.006934425 -0.664177537 0.089616887 -0.006325176 0.995956242 67.075897217
0.995812535 0.010018909 -0.090867862 -4.504102707 -0.009205332 0.999913692 0.009368107 -0.667758107 0.090953894 -0.008492413 0.995818913 67.873153687
0.995669067 0.011764282 -0.092220820 -4.577978134 -0.010565665 0.999853432 0.013474740 -0.674209952 0.092365831 -0.012442010 0.995647430 68.650894165
0.995476544 0.015148917 -0.093791664 -4.660719395 -0.013781197 0.999789298 0.015213143 -0.678010345 0.094002359 -0.013851767 0.995475590 69.425704956
0.995322704 0.017282717 -0.095046759 -4.740677834 -0.016278839 0.999803245 0.011327229 -0.685398757 0.095223837 -0.009726998 0.995408356 70.171798706
0.995186627 0.017408017 -0.096438669 -4.815083504 -0.017095882 0.999845564 0.004061996 -0.692573190 0.096494481 -0.002393741 0.995330691 70.895477295
0.995054543 0.016438516 -0.097960033 -4.883996010 -0.016702199 0.999858677 -0.001872287 -0.698708117 0.097915418 0.003499174 0.995188534 71.599967957
0.995000958 0.017029297 -0.098402783 -4.959148407 -0.017408002 0.999843955 -0.002991189 -0.706879854 0.098336488 0.004689232 0.995142162 72.289146423
0.994861066 0.019839587 -0.099287190 -5.028547287 -0.019848127 0.999802470 0.000901834 -0.723638296 0.099285476 0.001073464 0.995058417 72.953079224
0.994733870 0.020540377 -0.100411832 -5.106158257 -0.020314541 0.999788165 0.003271192 -0.740661144 0.100457750 -0.001214145 0.994940579 73.609985352
0.994668961 0.016997281 -0.101708218 -5.164486885 -0.017109087 0.999853611 -0.000226990 -0.747689962 0.101689480 0.001965915 0.994814217 74.248985291
0.994771779 0.008735570 -0.101748466 -5.215569496 -0.009338973 0.999941468 -0.005455495 -0.760146260 0.101694867 0.006377199 0.994795203 74.858070374
0.994912386 0.004772937 -0.100630373 -5.274974823 -0.005854050 0.999928176 -0.010450848 -0.767040253 0.100573294 0.010986774 0.994868994 75.454071045
0.995201349 0.007122139 -0.097588301 -5.333977222 -0.008206193 0.999908924 -0.010711528 -0.778486431 0.097503141 0.011460956 0.995169222 76.035308838
0.995546579 0.012001026 -0.093504697 -5.393732548 -0.012749353 0.999891162 -0.007409810 -0.797583759 0.093405619 0.008568936 0.995591223 76.603935242
0.995993257 0.010441821 -0.088816188 -5.444633484 -0.010885929 0.999930441 -0.004517382 -0.805626869 0.088762835 0.005466130 0.996037841 77.160018921
0.996514618 0.006904570 -0.083130807 -5.478927135 -0.006968423 0.999975562 -0.000477985 -0.813995481 0.083125472 0.001055609 0.996538579 77.707191467
0.997195303 0.002401573 -0.074804254 -5.512418747 -0.002160103 0.999992013 0.003308749 -0.831888318 0.074811623 -0.003137886 0.997192681 78.235580444
0.997936964 0.006196870 -0.063899592 -5.548579216 -0.006022542 0.999977589 0.002920423 -0.839181185 0.063916244 -0.002529560 0.997952163 78.745620728
0.998739064 0.011281204 -0.048913829 -5.573503494 -0.011178833 0.999934733 0.002365988 -0.845278561 0.048937336 -0.001816206 0.998800218 79.249198914
0.999390066 0.016293811 -0.030885987 -5.587716103 -0.016213592 0.999864459 0.002845967 -0.850101829 0.030928195 -0.002343458 0.999518931 79.744598389
0.999852419 0.014877776 -0.008584782 -5.579774857 -0.014848917 0.999883950 0.003415954 -0.856625557 0.008634627 -0.003287975 0.999957383 80.223854065
0.999793768 0.011343772 0.016845828 -5.535893917 -0.011424949 0.999923527 0.004730566 -0.865160644 -0.016790882 -0.004922053 0.999846876 80.669334412
0.998879910 0.010067548 0.046233594 -5.490890503 -0.010374151 0.999925673 0.006396515 -0.873977780 -0.046165764 -0.006868986 0.998910189 81.123954773
0.996788204 0.009544249 0.079512797 -5.437845230 -0.010218289 0.999915183 0.008074576 -0.884014308 -0.079428993 -0.008861126 0.996801078 81.573928833
0.993079305 0.009596696 0.117053241 -5.360434532 -0.010635810 0.999909341 0.008255870 -0.885325074 -0.116963416 -0.009443689 0.993091404 82.018608093
0.987280548 0.009658333 0.158694193 -5.273592949 -0.011110135 0.999904037 0.008263773 -0.890522122 -0.158599153 -0.009921776 0.987293184 82.423316956
0.979001343 0.009267065 0.203643292 -5.157115936 -0.011142525 0.999905288 0.008064878 -0.895100474 -0.203549281 -0.010164625 0.979011953 82.836975098
0.967462718 0.011611508 0.252747089 -5.025123596 -0.013518712 0.999891698 0.005810549 -0.900444090 -0.252652287 -0.009038302 0.967514932 83.240028381
0.951977551 0.012637140 0.305906951 -4.869052887 -0.014322206 0.999892116 0.003264534 -0.911539733 -0.305832684 -0.007489025 0.952055812 83.626235962
0.932189286 0.013020894 0.361736983 -4.691278458 -0.014341175 0.999896646 0.000965180 -0.915900469 -0.361687005 -0.006087462 0.932279766 83.993766785
0.907965004 0.013367560 0.418832839 -4.492843628 -0.014345627 0.999896705 -0.000813814 -0.922663689 -0.418800503 -0.005269501 0.908062994 84.338394165
0.878897369 0.013470398 0.476820707 -4.289360046 -0.013899161 0.999899864 -0.002628057 -0.932408988 -0.476808399 -0.004317617 0.878996670 84.637969971
0.845280886 0.012344724 0.534179628 -4.051025391 -0.011663856 0.999921024 -0.004651085 -0.939510286 -0.534194946 -0.002299121 0.845358133 84.941070557
0.808288813 0.011927850 0.588665426 -3.790756226 -0.010455570 0.999927878 -0.005904660 -0.948933125 -0.588693440 -0.001382162 0.808355272 85.229713440
0.768243909 0.010538056 0.640070438 -3.514804840 -0.009793091 0.999940813 -0.004708784 -0.961303234 -0.640082300 -0.002650772 0.768301904 85.499450684
0.725268602 0.010469479 0.688386500 -3.223941803 -0.011261670 0.999930918 -0.003342633 -0.962216973 -0.688374043 -0.005328074 0.725336432 85.752182007
0.680097163 0.009770134 0.733056843 -2.920562744 -0.010360511 0.999939382 -0.003715113 -0.964012980 -0.733048797 -0.005068205 0.680157304 85.974136353
0.633770943 0.008210131 0.773477197 -2.596351624 -0.007040202 0.999963343 -0.004845595 -0.973762393 -0.773488760 -0.002374437 0.633805752 86.176223755
0.590161800 0.003972962 0.807275236 -2.247425079 0.000848453 0.999984264 -0.005541634 -0.982511580 -0.807284594 0.003955395 0.590149224 86.315353394
0.543909252 0.005595559 0.839125454 -1.910446167 -0.001121736 0.999981761 -0.005941107 -0.995482683 -0.839143336 0.002290146 0.543905675 86.480438232
0.497077584 0.008924905 0.867660344 -1.571975708 -0.004666576 0.999960065 -0.007612311 -0.998536706 -0.867693603 -0.000265094 0.497099459 86.635169983
0.451909781 0.010867906 0.891997457 -1.228645325 -0.005098342 0.999940932 -0.009600109 -1.006587744 -0.892049134 -0.000209325 0.451938570 86.767593384
0.409108937 0.008663068 0.912444532 -0.876821518 0.001905699 0.999944568 -0.010348275 -1.011773229 -0.912483633 0.005972416 0.409069866 86.885383606
0.368454516 0.000913009 0.929645360 -0.506765366 0.016369669 0.999837995 -0.007469881 -1.019839644 -0.929501653 0.017970296 0.368379891 86.994590759
0.333029538 -0.002437467 0.942913234 -0.141017914 0.020367658 0.999781847 -0.004609222 -1.022011757 -0.942696393 0.020739939 0.333006501 87.086143494
0.299827486 0.001197371 0.953992724 0.224180222 0.017790260 0.999818206 -0.006846135 -1.031612039 -0.953827500 0.019024435 0.299751669 87.181129456
0.268885046 0.009181150 0.963128507 0.588981628 0.006497499 0.999914527 -0.011345782 -1.044733763 -0.963150442 0.009308637 0.268802464 87.283020020
0.240618378 0.013620051 0.970524192 0.969221115 0.001675380 0.999894261 -0.014447592 -1.060787439 -0.970618367 0.005102353 0.240570098 87.365669250
0.214683667 0.015135884 0.976566315 1.359443665 0.002825839 0.999866128 -0.016118228 -1.076876640 -0.976679623 0.006219939 0.214612111 87.432441711
0.191276684 0.016567983 0.981396317 1.765827179 0.009987541 0.999772906 -0.018824816 -1.086714149 -0.981485426 0.013402482 0.191067696 87.485877991
0.171542212 0.022765273 0.984913886 2.178399086 0.017409286 0.999506831 -0.026134754 -1.083822489 -0.985022843 0.021629861 0.171061277 87.531112671
0.151570275 0.030062426 0.987989306 2.600064278 0.019062998 0.999262571 -0.033329964 -1.081452370 -0.988262653 0.023885870 0.150885433 87.584045410
0.133814782 0.030578183 0.990534544 3.037199974 0.017176442 0.999302089 -0.033169266 -1.093819380 -0.990857542 0.021452399 0.133196160 87.639556885
0.118508399 0.025952158 0.992613792 3.503264427 0.015520521 0.999487758 -0.027984876 -1.117313027 -0.992831767 0.018722326 0.118044928 87.692176819
0.103902653 0.022603936 0.994330525 3.976177216 0.015400137 0.999585271 -0.024332630 -1.139567018 -0.994468212 0.017841049 0.103511468 87.736358643
0.090825006 0.020165756 0.995662689 4.460044861 0.018120704 0.999595940 -0.021898400 -1.154022217 -0.995702028 0.020031031 0.090422906 87.767761230
0.079208031 0.019331377 0.996670604 4.950034618 0.022175573 0.999530375 -0.021149188 -1.165891409 -0.996611416 0.023776928 0.078742139 87.791641235
0.069159463 0.019892506 0.997407258 5.464691639 0.025195828 0.999447405 -0.021680251 -1.180838108 -0.997287393 0.026629895 0.068620034 87.817390442
0.061208580 0.020585317 0.997912645 5.992748260 0.027586702 0.999370456 -0.022307459 -1.192903757 -0.997743726 0.028894527 0.060602173 87.844177246
0.055533540 0.020865412 0.998238742 6.544449329 0.029097268 0.999323070 -0.022506801 -1.208907366 -0.998032749 0.030295899 0.054888822 87.870826721
0.050160110 0.022110226 0.998496354 7.114570618 0.030602692 0.999251425 -0.023664292 -1.219514251 -0.998272240 0.031743683 0.049445938 87.893104553
0.044461787 0.022710761 0.998752832 7.687887192 0.031143378 0.999224126 -0.024107894 -1.235298395 -0.998525560 0.032176428 0.043720003 87.910331726
0.039722744 0.022687729 0.998953104 8.292201996 0.033588402 0.999146760 -0.024027748 -1.253360033 -0.998646080 0.034507684 0.038926814 87.935585022
0.036718693 0.022733320 0.999067068 8.911836624 0.034785930 0.999106228 -0.024012698 -1.269904256 -0.998719990 0.035635192 0.035895091 87.955238342
0.033891134 0.022165243 0.999179602 9.549872398 0.036154933 0.999072433 -0.023389198 -1.289252043 -0.998771369 0.036917958 0.033058319 87.969818115
0.031717435 0.021517146 0.999265134 10.205804825 0.038701665 0.998992085 -0.022739679 -1.308434963 -0.998747289 0.039394476 0.030852718 87.983810425
0.031129813 0.021048140 0.999293685 10.883536339 0.043023594 0.998823345 -0.022378497 -1.327723742 -0.998588979 0.043689847 0.030187618 87.998878479
0.031974755 0.020907622 0.999269962 11.568098068 0.045901544 0.998695493 -0.022364365 -1.341030359 -0.998434126 0.046583131 0.030973349 88.016014099
0.034165502 0.021054609 0.999194443 12.271697044 0.047562648 0.998610854 -0.022668624 -1.357148051 -0.998283744 0.048298810 0.033116631 88.041038513
0.037924867 0.020878680 0.999062419 12.996684074 0.049890123 0.998495221 -0.022760678 -1.378033876 -0.998034477 0.050706543 0.036826156 88.070114136
0.042473845 0.020316672 0.998890996 13.740917206 0.050311357 0.998481214 -0.022447621 -1.398838997 -0.997830093 0.051208992 0.041387178 88.099517822
0.046433758 0.018697280 0.998746395 14.498705864 0.051958125 0.998426080 -0.021106934 -1.420544982 -0.997569203 0.052873056 0.045389216 88.136413574
0.050411984 0.016996933 0.998583794 15.265501976 0.051871274 0.998461068 -0.019613491 -1.441650391 -0.997380555 0.052786574 0.049452767 88.178016663
0.054501906 0.014680304 0.998405814 16.040725708 0.048607230 0.998667479 -0.017337572 -1.464976072 -0.997329950 0.049474675 0.053715713 88.229919434
0.058466051 0.013547501 0.998197556 16.835361481 0.047835406 0.998721361 -0.016356409 -1.485898733 -0.997142673 0.048705481 0.057743248 88.284828186
0.062554449 0.014725182 0.997932911 17.648984909 0.045354575 0.998816192 -0.017581226 -1.503409982 -0.997010410 0.046360612 0.061812539 88.340728760
0.065628253 0.018895119 0.997665226 18.449235916 0.043404408 0.998820305 -0.021772217 -1.527112246 -0.996899605 0.044731941 0.064730704 88.398384094
0.066788070 0.024112727 0.997475803 19.252052307 0.037534874 0.998939574 -0.026661336 -1.552691460 -0.997060835 0.039220788 0.065812185 88.468955994
0.066539109 0.027215678 0.997412622 20.054138184 0.034721319 0.998959303 -0.029574201 -1.579723120 -0.997179449 0.036599316 0.065524906 88.526123047
0.067018300 0.026809914 0.997391522 20.896596909 0.032476291 0.999050498 -0.029036704 -1.612275600 -0.997223020 0.034337569 0.066083983 88.592338562
0.066881001 0.025073206 0.997445941 21.712018967 0.029440759 0.999199212 -0.027091352 -1.644081593 -0.997326434 0.031177467 0.066089287 88.658767700
0.066802092 0.023785576 0.997482657 22.527868271 0.030486114 0.999200284 -0.025868205 -1.675564408 -0.997300327 0.032137427 0.066023529 88.714439392
0.067060351 0.022752136 0.997489512 23.343864441 0.028267179 0.999295115 -0.024693703 -1.713400841 -0.997348368 0.029852174 0.066369966 88.777336121
0.066946410 0.023161629 0.997487724 24.175777435 0.026259296 0.999343276 -0.024967114 -1.747708201 -0.997410893 0.027864780 0.066294260 88.844032288
0.066852063 0.023837427 0.997478127 24.989397049 0.023169624 0.999407887 -0.025436398 -1.780006886 -0.997493863 0.024811670 0.066260174 88.907936096
0.065754421 0.025042018 0.997521579 25.801158905 0.020205773 0.999446630 -0.026422266 -1.813346863 -0.997631252 0.021893075 0.065212034 88.968788147
0.063004538 0.024797685 0.997705162 26.615070343 0.017078811 0.999518096 -0.025921257 -1.843453526 -0.997867107 0.018672777 0.062550656 89.027107239
0.059329450 0.024062622 0.997948349 27.425497055 0.015802249 0.999561489 -0.025040986 -1.862138629 -0.998113394 0.017255498 0.058923185 89.072631836
0.054211527 0.021696895 0.998293698 28.235698700 0.013804797 0.999652088 -0.022476079 -1.891718149 -0.998434007 0.014999705 0.053893141 89.123817444
0.048031807 0.019431939 0.998656750 29.047534943 0.011583428 0.999732614 -0.020010000 -1.922722816 -0.998778641 0.012528984 0.047793880 89.166725159
0.040664915 0.019637156 0.998979986 29.853960037 0.011337089 0.999733388 -0.020113463 -1.949843764 -0.999108553 0.012143437 0.040431447 89.199958801
0.031957693 0.020456476 0.999279916 30.654424667 0.011086125 0.999721766 -0.020820064 -1.977251053 -0.999427795 0.011743504 0.031722024 89.226448059
0.022067370 0.021091752 0.999533951 31.459745407 0.011755617 0.999702752 -0.021354854 -2.000365496 -0.999687493 0.012221387 0.021812862 89.245033264
0.011728394 0.020120950 0.999728739 32.258075714 0.013371263 0.999704897 -0.020277336 -2.029003620 -0.999841809 0.013605455 0.011455891 89.253639221
0.000663823 0.018811347 0.999822915 33.052288055 0.012084654 0.999749839 -0.018818000 -2.060420036 -0.999926805 0.012095003 0.000436325 89.258338928
-0.010185217 0.018111808 0.999784112 33.838378906 0.013161259 0.999751747 -0.017977148 -2.083361387 -0.999861538 0.012975316 -0.010421064 89.244880676
-0.021044668 0.018454989 0.999608219 34.619083405 0.013157831 0.999748230 -0.018180562 -2.107708931 -0.999691963 0.012770073 -0.021282192 89.225662231
-0.032195676 0.019132625 0.999298453 35.395156860 0.013356174 0.999735653 -0.018710688 -2.132974148 -0.999392390 0.012744401 -0.032442704 89.200431824
-0.042749833 0.020460658 0.998876333 36.185062408 0.013195446 0.999714613 -0.019913090 -2.158143282 -0.998998702 0.012329336 -0.043007623 89.164184570
-0.053154755 0.021413008 0.998356700 36.950077057 0.013620218 0.999692559 -0.020716488 -2.182540894 -0.998493493 0.012496656 -0.053430066 89.123916626
-0.062994547 0.022191603 0.997767150 37.710487366 0.014546808 0.999666870 -0.021315435 -2.208488464 -0.997907817 0.013171569 -0.063296385 89.075469971
-0.072598837 0.022743626 0.997101903 38.480766296 0.014907422 0.999653101 -0.021716407 -2.235013962 -0.997249782 0.013287636 -0.072912678 89.025306702
-0.081933394 0.022872187 0.996375322 39.219940186 0.015616928 0.999643266 -0.021663003 -2.264806271 -0.996515393 0.013785399 -0.082261376 88.964073181
-0.090754293 0.022496913 0.995619237 39.950279236 0.016828516 0.999636710 -0.021053711 -2.288075924 -0.995731115 0.014844082 -0.091099918 88.895141602
-0.098219134 0.021167247 0.994939744 40.680206299 0.018448075 0.999640584 -0.019446086 -2.315345287 -0.994993806 0.016444746 -0.098574340 88.824630737
-0.103136912 0.019657595 0.994472921 41.417945862 0.021745870 0.999610245 -0.017503876 -2.346422195 -0.994429469 0.019820381 -0.103524193 88.735832214
-0.106200010 0.018058835 0.994180858 42.124641418 0.025216801 0.999562323 -0.015462892 -2.369552612 -0.994025052 0.023427900 -0.106608912 88.641761780
-0.109398589 0.017062113 0.993851483 42.834156036 0.026164731 0.999555647 -0.014279946 -2.388127804 -0.993653595 0.024441658 -0.109796420 88.571823120
-0.111375079 0.016150683 0.993647158 43.516731262 0.026230257 0.999567389 -0.013306833 -2.412409306 -0.993432283 0.024581579 -0.111750536 88.498107910
-0.112254232 0.016538475 0.993541837 44.185020447 0.027187137 0.999538302 -0.013566582 -2.431931973 -0.993307531 0.025488658 -0.112652041 88.429931641
-0.110867336 0.017744711 0.993676782 44.854797363 0.027906837 0.999501884 -0.014735086 -2.447303295 -0.993443370 0.026096741 -0.111307308 88.341835022
-0.107878223 0.019724818 0.993968427 45.484817505 0.029391799 0.999429405 -0.016643209 -2.463555098 -0.993729651 0.027419083 -0.108396403 88.277091980
-0.102604568 0.020041402 0.994520247 46.106063843 0.029117392 0.999429107 -0.017136281 -2.486829996 -0.994296014 0.027199581 -0.103129528 88.215553284
-0.095025167 0.020668421 0.995260298 46.696289062 0.028408250 0.999433517 -0.018042732 -2.509711981 -0.995069504 0.026559094 -0.095558479 88.171646118
-0.083982021 0.020380024 0.996258736 47.293746948 0.027297117 0.999462664 -0.018144486 -2.534949541 -0.996093333 0.025671188 -0.084493198 88.129508972
-0.070146799 0.020626243 0.997323334 47.837242126 0.026611967 0.999469042 -0.018798864 -2.558262110 -0.997181594 0.025222063 -0.070658468 88.097328186
-0.053353392 0.021658804 0.998340726 48.374206543 0.025585840 0.999466121 -0.020315861 -2.583071232 -0.998247921 0.024459470 -0.053879071 88.086784363
-0.031773217 0.024170641 0.999202847 48.904556274 0.023598030 0.999446988 -0.023426166 -2.604846716 -0.999216497 0.022834893 -0.032326024 88.084159851
-0.007147707 0.027302263 0.999601662 49.430301666 0.021838857 0.999392986 -0.027140407 -2.626250744 -0.999736011 0.021636168 -0.007739611 88.098937988
0.020790989 0.029124327 0.999359429 49.977169037 0.019787626 0.999367833 -0.029536238 -2.647266865 -0.999588013 0.020389041 0.020201545 88.126983643
0.054451853 0.028927216 0.998097301 50.479637146 0.017751442 0.999394298 -0.029933244 -2.662593365 -0.998358548 0.019347588 0.053905375 88.165374756
0.092693463 0.026560197 0.995340288 50.982654572 0.017114874 0.999453902 -0.028263828 -2.684313774 -0.995547533 0.019655002 0.092188291 88.232398987
0.134707659 0.022712503 0.990624964 51.468807220 0.014865972 0.999578357 -0.024939291 -2.706031322 -0.990773797 0.018086122 0.134313241 88.324340820
0.180027157 0.018542463 0.983486831 51.988945007 0.012443216 0.999699354 -0.021125859 -2.724016190 -0.983582914 0.016040970 0.179742321 88.439926147
0.228552669 0.014815101 0.973418772 52.469600677 0.007949607 0.999822378 -0.017083477 -2.746795654 -0.973499060 0.011642773 0.228394359 88.585182190
0.280276000 0.013742797 0.959821045 52.937469482 0.004013592 0.999871969 -0.015488252 -2.761590481 -0.959910989 0.008193318 0.280184954 88.753883362
0.334307760 0.013169803 0.942371905 53.396591187 0.002969571 0.999882579 -0.015026985 -2.779716015 -0.942459345 0.007822077 0.334229350 88.954010010
0.392760336 0.013890796 0.919535935 53.838729858 0.005150798 0.999836922 -0.017303903 -2.791224003 -0.919626474 0.011532630 0.392624736 89.166091919
0.451507807 0.017543364 0.892094553 54.244743347 0.005707970 0.999729455 -0.022548962 -2.805469990 -0.892248869 0.015273084 0.451285481 89.422561646
0.511573136 0.020369198 0.858998179 54.643562317 0.007169635 0.999582946 -0.027972693 -2.825587988 -0.859209836 0.020468783 0.511213779 89.688911438
0.568872392 0.024737783 0.822053730 54.992576599 0.002914321 0.999480546 -0.032093786 -2.837862492 -0.822420597 0.020652998 0.568504810 89.991989136
0.624938428 0.027850492 0.780177116 55.336914062 -0.000949705 0.999389708 -0.034915142 -2.845934391 -0.780673444 0.021078877 0.624583602 90.316017151
0.677214384 0.029295206 0.735202253 55.641376495 -0.003055522 0.999310315 -0.037004463 -2.862901211 -0.735779285 0.022813529 0.676836908 90.657043457
0.726936877 0.026443031 0.686194897 55.948455811 -0.002756560 0.999362648 -0.035590950 -2.885734558 -0.686698675 0.023980845 0.726546407 91.012886047
0.771637142 0.023980888 0.635610819 56.203857422 -0.005428942 0.999500871 -0.031119270 -2.892760992 -0.636039793 0.020562090 0.771382213 91.395889282
0.813074708 0.019232670 0.581841648 56.450531006 -0.006205636 0.999683559 -0.024372507 -2.904739618 -0.582126319 0.016205970 0.812936842 91.802864075
0.849458992 0.017212564 0.527373970 56.661487579 -0.008996326 0.999794960 -0.018140875 -2.915069103 -0.527577937 0.010665501 0.849439621 92.223968506
0.880448461 0.013742804 0.473942697 56.844638824 -0.009806009 0.999893785 -0.010776952 -2.929056168 -0.474040508 0.004841065 0.880489707 92.654968262
0.905521214 0.013717936 0.424079210 56.991378784 -0.012866303 0.999905288 -0.004871559 -2.949275494 -0.424105883 -0.001045031 0.905611992 93.071937561
0.925441384 0.015698314 0.378565729 57.122772217 -0.016454702 0.999863803 -0.001237078 -2.960944653 -0.378533632 -0.005084344 0.925573587 93.515670776
0.940663993 0.021870729 0.338633984 57.240249634 -0.023711557 0.999718070 0.001299483 -2.967447042 -0.338510036 -0.009251915 0.940917194 93.973571777
0.952367306 0.026070610 0.303836882 57.345905304 -0.027453830 0.999623001 0.000280904 -2.969702005 -0.303715050 -0.008609009 0.952723980 94.426551819
0.961431623 0.028340673 0.273579836 57.446872711 -0.029662214 0.999559700 0.000694482 -2.974375248 -0.273439705 -0.008782679 0.961848974 94.888565063
0.967787087 0.022344775 0.250776500 57.567111969 -0.023319134 0.999727666 0.000914235 -2.980110407 -0.250687748 -0.006732674 0.968044579 95.342086792
0.971732914 0.018757680 0.235336870 57.672637939 -0.019741828 0.999803424 0.001826268 -2.987921238 -0.235256299 -0.006420624 0.971912146 95.821876526
0.974527597 0.023823809 0.222999126 57.764068604 -0.024676401 0.999695003 0.001037176 -2.988643885 -0.222906396 -0.006513572 0.974818110 96.316909790
0.976567328 0.029043134 0.213243842 57.857337952 -0.030123349 0.999544561 0.001817499 -2.991191149 -0.213093892 -0.008198527 0.976997316 96.821846008
0.977641582 0.036634233 0.207062945 57.948074341 -0.037514172 0.999296010 0.000323410 -2.991542816 -0.206905335 -0.008083976 0.978327572 97.332214355
0.978092134 0.042212471 0.203847617 58.050621033 -0.042468391 0.999092937 -0.003120828 -2.997501612 -0.203794479 -0.005604625 0.978997648 97.832427979
0.978179991 0.043737199 0.203103259 58.154914856 -0.043496788 0.999037623 -0.005649444 -3.008966208 -0.203154877 -0.003308166 0.979141057 98.353027344
0.977660298 0.042580944 0.205832735 58.265480042 -0.041552335 0.999092817 -0.009319455 -3.018080473 -0.206042856 0.000558430 0.978542864 98.905784607
0.976887643 0.041374873 0.209711149 58.387580872 -0.038958792 0.999118388 -0.015640728 -3.027106285 -0.210173458 0.007109139 0.977638304 99.454765320
0.976163805 0.040616993 0.213200375 58.524963379 -0.037084315 0.999100864 -0.020544549 -3.027738571 -0.213843122 0.012148458 0.976792455 100.004928589
0.975005090 0.045217268 0.217532963 58.648803711 -0.041848283 0.998922288 -0.020071669 -3.039166927 -0.218206137 0.010466597 0.975846469 100.582382202
0.973477006 0.048624698 0.223557740 58.770336151 -0.046174515 0.998802364 -0.016177580 -3.052763939 -0.224076644 0.005425831 0.974556506 101.178512573
0.972576678 0.045454584 0.228097782 58.916580200 -0.044006865 0.998965859 -0.011431610 -3.068710327 -0.228381529 0.001080247 0.973571181 101.782974243
0.971970022 0.041113712 0.231482491 59.075366974 -0.040868003 0.999147415 -0.005858677 -3.080543041 -0.231526017 -0.003765771 0.972821474 102.396903992
0.971062362 0.038862985 0.235643044 59.223083496 -0.039693568 0.999211252 -0.001219613 -3.090598583 -0.235504553 -0.008169195 0.971838951 103.027923584
0.970545232 0.033986203 0.238509312 59.382644653 -0.034849726 0.999392450 -0.000596642 -3.098956823 -0.238384679 -0.007732919 0.971140027 103.659553528
0.970528364 0.030786891 0.239012212 59.539882660 -0.030764434 0.999519348 -0.003825453 -3.106645346 -0.239015132 -0.003640367 0.971009076 104.302825928
0.970705688 0.030325903 0.238350332 59.706146240 -0.028594792 0.999533534 -0.010717966 -3.115757704 -0.238564238 0.003588412 0.971120119 104.933830261
0.970851243 0.032577615 0.237458423 59.862113953 -0.029285312 0.999419868 -0.017380044 -3.125736237 -0.237886861 0.009919394 0.971242309 105.591644287
0.971403122 0.035460580 0.234773323 60.017539978 -0.031350166 0.999283195 -0.021218373 -3.134608269 -0.235357448 0.013251411 0.971818566 106.270225525
0.971965849 0.033960100 0.232656717 60.174938202 -0.030888345 0.999381006 -0.016834522 -3.147500992 -0.233084381 0.009176200 0.972413242 106.964042664
0.972447813 0.029749870 0.231215164 60.348896027 -0.028430311 0.999554873 -0.009037634 -3.164592028 -0.231381148 0.002215108 0.972860694 107.659767151
0.973058403 0.030182501 0.228574753 60.516315460 -0.030254282 0.999537110 -0.003190843 -3.177562475 -0.228565246 -0.003810490 0.973521113 108.381034851
0.973304570 0.033578452 0.227048188 60.670578003 -0.033605564 0.999428093 -0.003747225 -3.193114996 -0.227044165 -0.003982894 0.973876417 109.106605530
0.973641932 0.039125938 0.224700809 60.830085754 -0.038214885 0.999234200 -0.008403872 -3.200675488 -0.224857554 -0.000404555 0.974391580 109.831199646
0.974519551 0.040022846 0.220702782 60.993114471 -0.037897311 0.999185562 -0.013858331 -3.210485458 -0.221077681 0.005141173 0.975242674 110.567291260
0.975445092 0.038426761 0.216864854 61.158561707 -0.035638843 0.999224246 -0.016753383 -3.223557472 -0.217340395 0.008613190 0.976057947 111.327011108
0.976364672 0.036274459 0.213063851 61.322425842 -0.033814162 0.999312818 -0.015181256 -3.240851164 -0.213468120 0.007617865 0.976920307 112.094566345
0.977245629 0.032769732 0.209563464 61.494384766 -0.030720994 0.999443233 -0.013024758 -3.257602692 -0.209873572 0.006290389 0.977708340 112.874328613
0.977690697 0.031395029 0.207690030 61.661682129 -0.029931264 0.999500036 -0.010187363 -3.272775650 -0.207906008 0.003743666 0.978141665 113.671607971
0.977960467 0.028589342 0.206823424 61.823883057 -0.027508534 0.999588728 -0.008100255 -3.283414841 -0.206969947 0.002232321 0.978344798 114.470077515
0.978132606 0.023868743 0.206608161 61.992057800 -0.022965189 0.999713242 -0.006770801 -3.296361685 -0.206710532 0.001877946 0.978400350 115.263298035
0.978289545 0.024074838 0.205839708 62.163112640 -0.023474423 0.999710023 -0.005358905 -3.308462381 -0.205909044 0.000410592 0.978571117 116.078544617
0.978068888 0.029490286 0.206183761 62.327003479 -0.028596196 0.999564230 -0.007315755 -3.321415663 -0.206309676 0.001259242 0.978486061 116.901672363
0.977756143 0.035416249 0.206732959 62.487586975 -0.033935703 0.999366641 -0.010704504 -3.334211349 -0.206981152 0.003450769 0.978338897 117.716987610
0.977175176 0.044176284 0.207790792 62.644374847 -0.042552590 0.999018669 -0.012279684 -3.346202850 -0.208129376 0.003157367 0.978096247 118.551658630
0.976209641 0.050325211 0.210907906 62.802970886 -0.048959967 0.998732209 -0.011693383 -3.364557743 -0.211229011 0.001089148 0.977436006 119.376914978
0.975531220 0.052394170 0.213526487 62.983104706 -0.051574450 0.998624682 -0.009411672 -3.389795780 -0.213725969 -0.001831131 0.976891994 120.209938049
0.975028098 0.052539289 0.215776891 63.166969299 -0.051527154 0.998618186 -0.010317460 -3.406006813 -0.216020837 -0.001058555 0.976388276 121.038162231
0.974610329 0.051330570 0.217944652 63.344612122 -0.049643993 0.998679519 -0.013210908 -3.420981407 -0.218335032 0.002055842 0.975871742 121.873123169
0.974589467 0.045260929 0.219378084 63.536949158 -0.043727502 0.998973250 -0.011843009 -3.440313816 -0.219688863 0.001949214 0.975568116 122.716651917
0.974864542 0.038399868 0.219463840 63.734119415 -0.036409646 0.999250948 -0.013107536 -3.467451572 -0.219802782 0.004787472 0.975532591 123.549194336
0.974619687 0.037417293 0.220717922 63.921054840 -0.035402674 0.999287546 -0.013077733 -3.489448071 -0.221050024 0.004931810 0.975250006 124.389549255
0.974044025 0.040170874 0.222765356 64.104949951 -0.038843740 0.999191761 -0.010337731 -3.507517815 -0.223000571 0.001416365 0.974817276 125.232078552
0.973672152 0.042184874 0.224015221 64.287757874 -0.042270698 0.999096513 -0.004414646 -3.525996923 -0.223999068 -0.005170862 0.974575698 126.071914673
0.973337293 0.045682900 0.224783242 64.476554871 -0.046783138 0.998904943 -0.000431963 -3.541938543 -0.224556834 -0.010095621 0.974408686 126.910430908
0.973087430 0.045052148 0.225988939 64.663772583 -0.044703688 0.998978019 -0.006661835 -3.562693357 -0.226058140 -0.003619992 0.974107027 127.739723206
0.973383963 0.040571269 0.225560844 64.855064392 -0.036798500 0.999104023 -0.020907192 -3.585047245 -0.226206988 0.012050423 0.974004686 128.544189453
